(0, 0, 0.1875, 0)                                                                                                                                    
(-0.4375, 0, 0.0, 0)                                                                                                                                 
(0, 0, 0, 0)                                                                                                                                         
(0.020833333333333332, 0, 0, 0)                                                                                                                      
(0, 0.140625, 0, 0)
(0, 0, 0, 0)
(0, 0.046875, 0, 0)
(0.0, 0.0, 0, 0)
(0, 0, 0, 0)
(0, 0, 0, 0)
(0, 0, 0, 0)
(-0.041666666666666664, 0, 0.0, 0)
(0.0, 0, 0.140625, 0)
(0, 0, 0, 0)
(0.0, 0, 0.375, 0)
(0, 0.2578125, 0, 0)
(0, 0, 0, 0)
(0, 0, 0, 0)
(0, 0, 0, 0)
(0, 0, 0, 0)
(0, 0.0, 0, 0)
(0, 0.0, 0, 0)
(0.0, 0, 0, 0.0)
(0, 0, 0, 0)
(0, 0.328125, 0, 0)
(0, 0, 0, 0)
(0, 0, 0, 0)
(0, 0, 0, 0)
(0, 0, 0, 0)
(0, 0, 0, 0)
(0, 0, 0, 0)
(0.0, 0, 0, 0)
(0, 0, 0, 0)
(0, 0.0, 0, 0)
(0, 0, 0, 0)
(0, 0, 0, 0)
(0, 0, 0.328125, 0)
(0, 0, 0, 0)
(0, 0.375, 0, 0)
